1.2936019897460938
0.48509788513183594
-0.3233985900878906
-0.8085002899169922
0.0
-0.16170024871826172
0.0
0.0
-0.9702014923095703
-0.32340049743652344
1.4553022384643555
-1.778702735900879
-1.131901741027832
0.0
0.48510074615478516
-1.4553022384643555
-1.9404029846191406
0.0
0.0
-1.4553022384643555
-0.9702014923095703
0.0
-0.9702014923095703
-0.8085012435913086
0.32340049743652344
1.6170024871826172
0.16170024871826172
-3.7191057205200195
-2.9106035232543945
-1.1319009065628052
-0.3234002888202667
0.0
5.012705326080322
8.570112228393555
8.89349365234375
4.042484283447266
0.9701957702636719
-1.9403934478759766
-9.216888427734375
-3.8808059692382812
0.0
-0.32340049743652344
-2.263803482055664
-1.2936019897460938
12.45091438293457
10.025392532348633
-4.850996017456055
-10.833904266357422
-1.131901741027832
0.0
-1.2936019897460938
-4.527606964111328
-1.778702735900879
1.6170024871826172
5.174407958984375
4.042501449584961
0.3233985900878906
-1.1318950653076172
-4.527606964111328
-8.085012435913086
-1.2936017513275146
6.306308746337891
3.557405471801758
1.6170024871826172
1.4553022384643555
0.0
-0.16170024871826172
-5.65950870513916
-1.131901741027832
0.0
1.2936019897460938
4.204206466674805
1.2936019897460938
0.0
-0.8085012435913086
-5.174407958984375
-0.9702014923095703
0.0
4.365906715393066
3.2340049743652344
0.32340049743652344
0.0
-3.7191057205200195
-5.497808456420898
-0.6468009948730469
0.8085012435913086
2.1021032333374023
4.042506217956543
1.4553022384643555
0.32340049743652344
0.16170024871826172
0.6468009948730469
-0.32340049743652344
-1.4553022384643555
-0.32340049743652344
0.48510074615478516
-0.16170024871826172
-0.9702014923095703
-0.32340049743652344
-1.778702735900879
-1.2936019897460938
-0.32340049743652344
0.0
-1.9404029846191406
-2.263803482055664
0.0
1.9404029846191406
1.6170024871826172
0.16170024871826172
1.778702735900879
3.557405471801758
2.102102279663086
0.0
1.4552936553955078
1.6169929504394531
0.9701957702636719
0.8084964752197266
0.0
-0.1616992950439453
-0.48509788513183594
-1.9403915405273438
-2.425490379333496
-1.131901741027832
-0.32340049743652344
-0.32340049743652344
-2.1021032333374023
-2.263803482055664
0.0
-0.16170024871826172
0.0
-1.2936019897460938
-3.2340049743652344
-1.2936019897460938
0.6468009948730469
1.2936019897460938
6.144609451293945
2.5872039794921875
1.9404010772705078
2.4254894256591797
1.7786922454833984
3.2339859008789062
2.4254894256591797
1.7786922454833984
0.0
-1.2935943603515625
-4.365880966186523
-2.9105873107910156
-1.2935943603515625
-3.0722923278808594
-5.497808456420898
-2.910604476928711
0.0
0.16170024871826172
-0.32340049743652344
0.0
0.0
0.0
-0.48510074615478516
0.0
0.0
0.0
-2.263803482055664
-1.131901741027832
-0.32340049743652344
0.0
-0.6468009948730469
0.0
3.7191057205200195
3.8808059692382812
3.7191057205200195
2.1021032333374023
1.6169967651367188
2.587188720703125
0.0
-1.1318950653076172
-1.7786922454833984
0.0
0.1616992950439453
-1.13189697265625
-1.4553022384643555
-0.16170024871826172
-2.5872039794921875
-3.395705223083496
-3.395705223083496
-0.6468009948730469
0.0
0.0
-0.8085012435913086
-0.48510074615478516
0.0
2.425503730773926
3.557405471801758
2.425503730773926
2.1021032333374023
2.1021032333374023
2.2637939453125
1.9403915405273438
1.4552936553955078
0.6467971801757812
0.0
0.0
1.1318950653076172
0.8084964752197266
0.1616992950439453
0.9701957702636719
0.0
-1.4552936553955078
-1.2935943603515625
-0.9701957702636719
-1.4552936553955078
-5.49778938293457
-2.1021032333374023
-1.131901741027832
-2.748904228210449
-2.910604476928711
-0.8085012435913086
0.0
0.0
3.8808059692382812
4.68930721282959
3.880801200866699
1.2935943603515625
1.2935943603515625
1.6169929504394531
2.102090835571289
0.1616992950439453
-0.1616992950439453
-2.7488880157470703
0.0
-0.3233985900878906
-1.6169929504394531
-5.012699127197266
-0.9702014923095703
-0.16170024871826172
-4.042506217956543
-2.748904228210449
-0.32340049743652344
-0.16170024871826172
-1.2936019897460938
-1.778702735900879
-0.6468005180358887
0.0
0.6468005180358887
2.5872039794921875
2.910604476928711
3.7191057205200195
2.748904228210449
1.131901741027832
2.1020965576171875
1.7786922454833984
2.2637901306152344
1.6169929504394531
0.8084964752197266
0.0
0.0
-3.719085693359375
-5.659493446350098
-0.6468009948730469
0.0
