0.0
0.32342529296875
0.0
-0.161712646484375
-2.91082763671875
-1.293701171875
-0.6468505859375
0.0
0.485137939453125
6.95343017578125
4.851226806640625
0.32342529296875
0.0
0.0
-3.072540283203125
-2.587371826171875
-2.749114990234375
-1.131988525390625
-0.97027587890625
-0.6468505859375
-0.161712646484375
0.97027587890625
3.2342529296875
0.808563232421875
0.0
0.0
3.881072998046875
1.293701171875
-0.161712646484375
0.0
0.0
-3.072540283203125
-0.6468505859375
-1.131988525390625
-0.97027587890625
-2.58740234375
-0.32342529296875
0.6468505859375
4.68963623046875
0.485137939453125
0.0
-1.455413818359375
-1.61712646484375
-2.91082763671875
-0.485137939453125
-0.485137939453125
0.0
0.0
0.0
0.0
0.0
0.0
0.0
0.0
0.0
0.0
0.0
1.455413818359375
1.61712646484375
1.131988525390625
0.161712646484375
2.587371826171875
2.749114990234375
1.61712646484375
0.32342529296875
0.808563232421875
0.97027587890625
0.0
-0.161712646484375
-2.58740234375
-1.455413818359375
-0.808563232421875
-0.97027587890625
-2.26397705078125
-0.6468505859375
-0.485137939453125
-0.485137939453125
-1.778839111328125
-1.131988525390625
-0.161712646484375
1.293701171875
3.557647705078125
0.808563232421875
0.0
0.0
0.161712646484375
1.131988525390625
-0.485137939453125
-0.6468505859375
0.0
1.455413818359375
-0.161712646484375
-0.808563232421875
0.0
0.0
-1.293701171875
-0.6468505859375
1.131988525390625
2.26397705078125
-0.32342529296875
-1.778839111328125
-0.161712646484375
1.131988525390625
0.161712646484375
0.0
0.0
0.97027587890625
0.161712646484375
0.0
0.0
0.0
0.32342529296875
3.2342529296875
0.161712646484375
0.0
0.0
0.97027587890625
0.0
-0.6468505859375
-2.26397705078125
-2.26397705078125
-1.9405517578125
-1.455413818359375
-0.97027587890625
0.0
2.58740234375
2.425689697265625
1.293701171875
4.689605712890625
-0.485137939453125
-4.3662109375
-6.306671142578125
-0.485137939453125
0.0
0.0
3.395965576171875
4.851287841796875
3.55767822265625
0.32342529296875
0.0
0.0
-2.749114990234375
-2.58740234375
-0.161712646484375
-0.485137939453125
-2.749114990234375
-2.74908447265625
-0.808563232421875
0.0
3.2342529296875
4.68963623046875
-0.97027587890625
-4.68963623046875
-0.485137939453125
0.97027587890625
2.749114990234375
1.9405517578125
-0.6468505859375
-3.719390869140625
-0.161712646484375
3.55767822265625
1.293701171875
-5.9832763671875
-1.61712646484375
0.97027587890625
3.395965576171875
-1.778839111328125
-3.719329833984375
2.749053955078125
6.14495849609375
-2.425689697265625
-0.97027587890625
2.749114990234375
2.587371826171875
-1.9405517578125
-1.778839111328125
1.131988525390625
2.26397705078125
-2.102264404296875
-2.749114990234375
0.161712646484375
5.9832763671875
-0.6468505859375
-6.630126953125
-0.161712646484375
4.366241455078125
-0.808563232421875
-4.04278564453125
-0.32342529296875
3.88104248046875
0.32342529296875
-4.366180419921875
0.32342529296875
4.85137939453125
0.32342529296875
-2.58740234375
0.0
1.61712646484375
0.0
-1.9405517578125
-1.61712646484375
-0.32342529296875
-2.91082763671875
-0.6468505859375
0.0
3.719390869140625
2.587371826171875
-3.395965576171875
-0.485137939453125
1.131988525390625
1.293701171875
-0.808563232421875
-0.808563232421875
-0.97027587890625
2.749114990234375
2.102264404296875
0.32342529296875
0.0
-0.808563232421875
-0.32342529296875
-0.97027587890625
-3.881103515625
-0.6468505859375
1.778839111328125
1.131988525390625
3.881103515625
-1.61712646484375
-3.55767822265625
-2.102203369140625
0.0
1.778839111328125
-1.293670654296875
-3.881011962890625
-0.32342529296875
3.557647705078125
3.557586669921875
-3.55767822265625
-1.293701171875
0.0
2.91082763671875
1.61712646484375
0.161712646484375
0.0